0.2645,0.0066,0.6907,0.5192
0.8904,0.3814,0.0889,0.3586
0.1518,0.7038,0.9752,0.3969
0.2643,0.8114,0.7352,0.6712
0.1878,0.4841,0.4145,0.7455
0.0309,0.0434,0.3820,0.5743
0.4107,0.0569,0.6416,0.6620
0.9203,0.4327,0.4665,0.6935
0.6385,0.2365,0.3301,0.1231
0.7546,0.5136,0.3679,0.1329
0.4655,0.9504,0.5740,0.1539
0.4004,0.5599,0.3175,0.5390
0.5600,0.2099,0.7936,0.1079
0.7259,0.1508,0.7589,0.3842
0.8642,0.8542,0.4280,0.8627
0.3484,0.0017,0.5704,0.4869
0.5077,0.7845,0.6407,0.4026
0.0555,0.6438,0.5045,0.5410
0.5148,0.0291,0.6247,0.4973
0.9637,0.1157,0.2207,0.1557
0.7143,0.9597,0.3842,0.1611
0.3673,0.4451,0.7483,0.7701
0.3018,0.5409,0.3240,0.8312
0.3746,0.2015,0.2461,0.0547
0.5116,0.7489,0.0199,0.2046
0.3180,0.3874,0.1511,0.9557
0.8137,0.3257,0.1797,0.9571
0.6314,0.2420,0.4619,0.9859
0.6335,0.9780,0.3340,0.3763
0.4926,0.3489,0.7077,0.3603
0.3531,0.2494,0.9246,0.5093
0.9751,0.5946,0.8761,0.0936
0.8403,0.4569,0.6102,0.2787
0.9890,0.9552,0.7727,0.6942
0.0738,0.8069,0.3150,0.4489
0.1244,0.4937,0.5240,0.5152
0.2138,0.7457,0.1117,0.0232
0.4447,0.6853,0.1594,0.3751
0.8885,0.0549,0.6040,0.1682
0.2082,0.5955,0.9272,0.3227
0.7067,0.5316,0.6837,0.1778
0.8170,0.6269,0.5619,0.9154
0.7448,0.2109,0.4756,0.3345
0.6787,0.5828,0.6328,0.9055
0.1688,0.1259,0.4677,0.3355
0.4610,0.5316,0.5864,0.1647
0.3398,0.2139,0.0002,0.9229
0.5947,0.4045,0.9269,0.1825
0.1545,0.2116,0.4315,0.6978
0.5082,0.3797,0.4933,0.6059
0.7345,0.0620,0.9826,0.2288
0.7279,0.3208,0.0694,0.0122
0.7558,0.5067,0.9712,0.1030
0.7203,0.2878,0.9378,0.6987
0.1622,0.3407,0.1036,0.4277
0.8893,0.7220,0.9212,0.0136
0.6296,0.7124,0.4183,0.3706
0.2941,0.8147,0.2367,0.6558
0.7916,0.5284,0.0768,0.8005
0.0851,0.8113,0.2642,0.2644
0.4709,0.5614,0.4543,0.6597
0.5867,0.4280,0.8504,0.6399
0.4915,0.6712,0.7968,0.0038
0.3549,0.2298,0.0077,0.9128
0.6132,0.4057,0.4910,0.7362
0.0988,0.7213,0.8074,0.4399
0.7263,0.4171,0.9320,0.1302
0.9615,0.7964,0.2844,0.9606
0.7351,0.8969,0.1298,0.5828
0.8679,0.9282,0.2793,0.9229
0.4513,0.6745,0.5393,0.6524
0.1963,0.7367,0.1189,0.9270
0.4419,0.2749,0.6319,0.7502
0.9454,0.7628,0.2245,0.5399
0.5343,0.9320,0.8316,0.5820
0.0239,0.1531,0.2534,0.0443
0.2525,0.7872,0.3514,0.1929
0.5742,0.5445,0.5683,0.4729
0.6239,0.4864,0.0811,0.1944
0.4859,0.3278,0.5747,0.6951
0.8582,0.9916,0.8304,0.8280
0.0454,0.4142,0.7157,0.5394
0.5439,0.2133,0.9506,0.8193
0.4523,0.9464,0.8809,0.0156
0.0160,0.4032,0.6893,0.3486
0.8648,0.0529,0.8160,0.2334
0.6694,0.8553,0.9578,0.2175
0.4502,0.9881,0.8466,0.1599
0.2151,0.6321,0.3038,0.7150
0.4437,0.0975,0.5339,0.1514
0.3120,0.5134,0.5485,0.7941
0.1117,0.9621,0.9886,0.2537
0.3421,0.8942,0.9405,0.0143
0.6132,0.1307,0.6158,0.0679
0.7320,0.9880,0.4957,0.6808
0.3132,0.1879,0.0058,0.2175
0.3125,0.6791,0.1177,0.7694
0.1792,0.9356,0.8503,0.1981
0.0210,0.5051,0.1527,0.7564
0.7655,0.3625,0.1418,0.2662
0.3901,0.4602,0.3403,0.9346
0.9851,0.3422,0.2666,0.4929
0.6433,0.2290,0.6797,0.9601
0.1955,0.4842,0.2719,0.2061
0.6424,0.9977,0.7533,0.6275
0.9089,0.3600,0.0007,0.1502
0.0460,0.5025,0.6035,0.6256
0.4136,0.5179,0.8633,0.5791
0.2607,0.3676,0.2213,0.9543
0.5919,0.7552,0.8958,0.9859
0.0730,0.6424,0.7470,0.7551
0.9453,0.4782,0.9446,0.8838
0.5842,0.8440,0.2179,0.7364
0.9892,0.2954,0.4739,0.9999
0.8910,0.5661,0.4157,0.0666
0.7447,0.2020,0.7558,0.8812
0.6793,0.0948,0.8432,0.2566
0.3453,0.8413,0.5390,0.5284
0.5384,0.6716,0.1487,0.4161
0.7444,0.2069,0.1752,0.2062
0.8908,0.9697,0.2579,0.6751
0.9178,0.1443,0.5129,0.3791
0.5383,0.7526,0.3919,0.4576
0.2000,0.7705,0.2034,0.2346
0.3199,0.7921,0.9538,0.5319
0.3310,0.7003,0.0286,0.9224
0.8430,0.1315,0.1636,0.4367
0.4757,0.6414,0.1973,0.4063
0.7553,0.0748,0.5169,0.2072
0.8021,0.3078,0.5229,0.6790
0.0155,0.2169,0.2696,0.9323
0.1115,0.1444,0.9758,0.1846
0.3522,0.5455,0.3979,0.0769
0.6677,0.2120,0.4442,0.5218
0.6451,0.3722,0.1966,0.3855
0.8141,0.0841,0.1734,0.6875
0.7333,0.7652,0.7873,0.7103
0.3692,0.0608,0.6557,0.3673
0.8072,0.6303,0.7936,0.6268
0.9234,0.2530,0.1270,0.5248
0.0659,0.5479,0.2608,0.9587
0.4164,0.5832,0.3160,0.9856
0.3768,0.1446,0.4089,0.5802
0.1819,0.0443,0.0732,0.4899
0.6875,0.0195,0.7328,0.0280
0.4457,0.0105,0.4526,0.3786
0.4880,0.8611,0.9388,0.6581
0.4683,0.8403,0.6618,0.7933
0.8708,0.5906,0.8893,0.3293
0.5050,0.7679,0.5934,0.4266
0.9117,0.5128,0.4603,0.5380
0.3496,0.2365,0.0476,0.0774
0.5984,0.9789,0.5513,0.0671
0.6345,0.6328,0.3176,0.2237
0.0671,0.5430,0.6577,0.8344
0.8277,0.3740,0.0152,0.9127
0.2109,0.5396,0.1806,0.3465
0.3658,0.7373,0.7115,0.4159
0.5385,0.4487,0.1158,0.5743
0.9386,0.9338,0.7432,0.0334
0.9885,0.2112,0.0750,0.9516
0.8861,0.8105,0.2206,0.3189
0.9422,0.4991,0.6133,0.7450
0.0358,0.6455,0.3503,0.9709
0.0384,0.3220,0.2171,0.0097
0.3410,0.5150,0.1657,0.0440
0.3293,0.0755,0.1515,0.5501
0.1114,0.2855,0.4905,0.8998
0.7983,0.8712,0.5721,0.2204
0.4859,0.1689,0.9701,0.9680
0.5975,0.3029,0.5940,0.9785
0.7570,0.6921,0.4470,0.8299
0.1153,0.9556,0.3125,0.9782
0.1560,0.4097,0.6823,0.8589
0.9429,0.4386,0.4817,0.0292
0.1720,0.2790,0.2446,0.7021
0.4415,0.2945,0.4761,0.7815
0.0213,0.9973,0.7526,0.3684
0.6188,0.9882,0.7790,0.4578
0.2797,0.1457,0.5275,0.9033
0.7372,0.3890,0.8131,0.7067
0.3405,0.0538,0.0379,0.3467
0.1964,0.8770,0.6394,0.7851
0.1148,0.3425,0.7401,0.5856
0.8534,0.2043,0.0476,0.3655
0.7246,0.6586,0.7573,0.2717
0.5955,0.5956,0.1545,0.7107
0.1358,0.6259,0.1153,0.5794
0.9965,0.6094,0.3600,0.8084
0.9998,0.5490,0.5670,0.6916
0.1005,0.7242,0.1930,0.5674
0.1451,0.6016,0.1599,0.2798
0.3673,0.5010,0.9006,0.8999
0.9052,0.5129,0.4364,0.1787
0.3777,0.8664,0.4905,0.7196
0.2825,0.5350,0.6289,0.8337
0.5477,0.6206,0.7396,0.9830
0.6214,0.3254,0.7096,0.7412
0.4343,0.5616,0.4945,0.7386
0.5703,0.9194,0.1444,0.6748
0.0416,0.8101,0.4492,0.2074
0.5289,0.5852,0.3822,0.3387
0.9912,0.8842,0.4467,0.9898
0.8285,0.1950,0.2509,0.8240
0.6102,0.3545,0.8884,0.2069
0.6236,0.7242,0.8725,0.4632
0.0834,0.9717,0.3122,0.7734
0.8849,0.6040,0.8485,0.8998
0.2878,0.2972,0.1568,0.3635
0.7894,0.8820,0.5183,0.4453
0.3114,0.7302,0.6009,0.5018
0.7110,0.7898,0.9102,0.0653
0.0629,0.3517,0.1473,0.1857
0.0978,0.9564,0.0711,0.9388
0.5873,0.2475,0.5929,0.0336
0.3715,0.7510,0.0825,0.4308
0.8408,0.6338,0.8370,0.6909
0.3733,0.6350,0.6276,0.0163
0.5805,0.2240,0.3219,0.5243
0.3739,0.2250,0.6033,0.7576
0.1234,0.6772,0.3927,0.3282
0.2101,0.3443,0.1072,0.4529
0.6416,0.5895,0.3665,0.6026
0.0479,0.2304,0.7390,0.5001
0.5780,0.0107,0.5445,0.0188
0.9139,0.2743,0.4644,0.2086
0.9752,0.8185,0.7690,0.9413
0.2850,0.3946,0.4497,0.6406
0.3097,0.4665,0.5287,0.9363
0.9282,0.8121,0.0769,0.1256
0.9449,0.5742,0.7627,0.3982
0.2678,0.2458,0.1928,0.3133
0.5626,0.5826,0.2969,0.6471
0.9128,0.2229,0.4407,0.8108
0.4233,0.6989,0.6144,0.0650
0.6042,0.7063,0.9597,0.6841
0.3653,0.5341,0.8668,0.9658
0.6186,0.8266,0.2091,0.7672
0.5054,0.2054,0.3477,0.1381
0.2627,0.8493,0.6044,0.8920
0.7388,0.9399,0.8400,0.0918
0.3549,0.5410,0.7937,0.3463
0.5080,0.8992,0.2786,0.1420
0.0602,0.8761,0.7862,0.4089
0.7967,0.1138,0.6176,0.1095
0.1788,0.3919,0.0824,0.9625
0.7374,0.1244,0.7580,0.6092
0.2145,0.8813,0.7017,0.7351
0.7716,0.7818,0.4551,0.5018
0.2317,0.9915,0.1297,0.9144
0.5964,0.3837,0.6807,0.9383
0.0641,0.8804,0.4495,0.5312
0.1843,0.9992,0.1077,0.7278
0.7569,0.2367,0.5522,0.8041
0.0361,0.0672,0.9470,0.0878
0.0112,0.8237,0.7992,0.0049
0.8203,0.5687,0.0923,0.3374
0.8062,0.5993,0.9150,0.0963
0.2355,0.2405,0.0753,0.7048
0.2721,0.8353,0.8675,0.4965
0.9800,0.0180,0.4174,0.3091
0.0294,0.2762,0.9058,0.5927
0.8723,0.5225,0.0148,0.8395
0.4471,0.3452,0.6113,0.6757
0.8309,0.4293,0.5626,0.3746
0.3567,0.7131,0.1196,0.5874
0.6899,0.6240,0.3888,0.3143
0.8715,0.1375,0.7656,0.0941
0.0131,0.3006,0.2954,0.5626
0.8148,0.3490,0.4697,0.2845
0.0296,0.2775,0.0146,0.3538
0.9722,0.9901,0.9148,0.3763
0.2324,0.9524,0.1914,0.5347
0.5595,0.1249,0.1564,0.6238
0.8799,0.9873,0.6323,0.2531
0.1603,0.0874,0.8286,0.0387
0.3832,0.5120,0.4697,0.1399
0.0601,0.0851,0.0678,0.2677
0.2276,0.6749,0.1965,0.0877
0.0662,0.1109,0.1063,0.7346
0.6363,0.3700,0.1354,0.8576
0.5842,0.0601,0.3813,0.2560
0.4386,0.9413,0.1947,0.7196
0.2787,0.5783,0.9087,0.1549
0.0418,0.6447,0.2861,0.9555
0.5762,0.2601,0.1335,0.2565
0.6499,0.1207,0.5189,0.4619
0.2506,0.6634,0.1598,0.7837
0.9146,0.5414,0.9613,0.2561
0.4905,0.4414,0.3061,0.5355
0.7533,0.1111,0.4764,0.7366
0.8845,0.9377,0.7853,0.0602
0.7031,0.6988,0.0049,0.8905
0.8390,0.7396,0.5472,0.6592
0.7092,0.6476,0.3469,0.9032
0.3300,0.4527,0.0229,0.2009
0.5538,0.4804,0.0762,0.5951
0.2538,0.4445,0.4201,0.4648
0.2025,0.1280,0.9732,0.8445
0.8777,0.5238,0.7126,0.6162
0.6290,0.9030,0.8635,0.3098
0.6961,0.8437,0.4034,0.0966
0.2539,0.9542,0.5057,0.1787
0.1383,0.9328,0.7357,0.7764
0.6922,0.4525,0.9711,0.6276
0.6990,0.9259,0.8564,0.8968
0.9292,0.5300,0.7944,0.2389
0.8204,0.0022,0.2181,0.7241
0.5519,0.1556,0.9646,0.0346
0.3066,0.7794,0.4749,0.0016
0.3199,0.9171,0.0729,0.8456
0.9603,0.1263,0.3770,0.1829
0.4687,0.9356,0.6838,0.9279
0.8701,0.2762,0.9146,0.6852
0.9847,0.6654,0.2976,0.9106
0.3813,0.8527,0.6408,0.5398
0.2969,0.0822,0.1518,0.2091
0.3077,0.0953,0.5369,0.8516
0.7754,0.1875,0.4474,0.8531
0.1105,0.0177,0.4472,0.7356
0.1996,0.2612,0.3308,0.7403
0.5068,0.8566,0.0987,0.0380
0.1624,0.6574,0.1160,0.2452
0.2319,0.1928,0.1343,0.2741
0.1691,0.6921,0.2827,0.6107
0.3560,0.2171,0.6217,0.4724
0.7441,0.9843,0.0849,0.7300
0.9399,0.3165,0.3990,0.4643
0.3614,0.6041,0.0976,0.1941
0.7927,0.9130,0.0949,0.2738
0.6617,0.6122,0.6047,0.4394
0.5278,0.4906,0.3901,0.6466
0.5388,0.4018,0.7514,0.5004
0.5424,0.1074,0.4909,0.3444
0.4618,0.3129,0.9046,0.3575
0.3917,0.4804,0.3269,0.8599
0.4871,0.6625,0.7816,0.2027
0.2511,0.4358,0.0150,0.2689
0.0701,0.4287,0.8689,0.0080
0.4027,0.1291,0.9154,0.4042
0.7759,0.2525,0.3815,0.8811
0.4646,0.9316,0.7236,0.2140
0.9087,0.5370,0.3773,0.9910
0.2298,0.6410,0.4813,0.0263
0.6240,0.0292,0.2166,0.5661
0.2525,0.2881,0.0161,0.0923
0.1766,0.3038,0.7900,0.6485
0.6554,0.6419,0.8607,0.3932
0.0768,0.7963,0.2566,0.9137
0.0846,0.7871,0.5327,0.8880
0.7155,0.1961,0.9384,0.9995
0.9100,0.9140,0.5868,0.6216
0.4375,0.4503,0.1839,0.5984
0.6723,0.9505,0.0877,0.9665
0.1538,0.1171,0.8332,0.8492
0.8448,0.8671,0.8345,0.1833
0.0639,0.1564,0.3462,0.0270
0.9680,0.0965,0.5310,0.6831
0.6989,0.9038,0.5470,0.8837
0.3916,0.6832,0.1142,0.2445
0.8841,0.2892,0.0199,0.6686
0.9852,0.0520,0.9748,0.5760
0.1477,0.3242,0.6474,0.0121
0.7909,0.6491,0.7460,0.0035
0.0127,0.8110,0.8434,0.2616
0.7845,0.5578,0.8692,0.6461
0.0765,0.9048,0.4995,0.9136
0.4487,0.4036,0.1001,0.1430
0.1667,0.3478,0.3624,0.7233
0.5251,0.2669,0.8002,0.4542
0.3370,0.0048,0.3982,0.2120
0.6692,0.4337,0.7951,0.9565
0.7440,0.3800,0.4926,0.6374
0.2862,0.6234,0.9625,0.9412
0.4369,0.5654,0.1100,0.4892
0.8909,0.3734,0.2133,0.5983
0.5024,0.8330,0.8900,0.6156
0.4884,0.5705,0.7444,0.5506
0.9951,0.9698,0.7598,0.2197
0.2987,0.0849,0.2998,0.0590
0.8158,0.2551,0.3490,0.5797
0.9829,0.3820,0.2031,0.0221
0.7380,0.8731,0.2436,0.3429
0.0049,0.6723,0.4674,0.7108
0.7700,0.9621,0.4591,0.3223
0.2275,0.5604,0.1936,0.2701
0.2022,0.2011,0.3175,0.5888
0.4304,0.0375,0.4963,0.7349
0.6983,0.8596,0.9991,0.7511
0.7964,0.5039,0.8973,0.7519
0.6574,0.9199,0.3221,0.4632
0.6044,0.3346,0.4005,0.1757
0.9396,0.0971,0.8446,0.0094
0.1530,0.1557,0.7556,0.1558
0.8953,0.3648,0.1675,0.7736
0.3298,0.7391,0.9991,0.0671
0.7142,0.1896,0.3807,0.9036
0.9359,0.3501,0.5944,0.1071
0.8662,0.0086,0.0301,0.5639
0.6473,0.9239,0.8790,0.7382
0.6833,0.1215,0.8339,0.3242
0.2490,0.9026,0.7291,0.8318
0.4637,0.4385,0.7598,0.3192
0.7759,0.2417,0.6851,0.4966
0.4313,0.5633,0.3165,0.3368
0.7936,0.5292,0.9406,0.2367
0.2004,0.4807,0.0449,0.0609
0.6329,0.2416,0.5275,0.7266
0.9723,0.9912,0.1834,0.2226
0.3274,0.5812,0.6832,0.3596
0.0616,0.5220,0.7210,0.4970
0.2899,0.4488,0.4573,0.8013
0.6345,0.7440,0.5149,0.4718
0.2911,0.4429,0.6338,0.4987
0.4337,0.4505,0.2320,0.9863
0.1246,0.4835,0.0285,0.3928
0.9514,0.6066,0.8617,0.7369
0.1213,0.3141,0.6607,0.4232
0.9911,0.5004,0.3808,0.1933
0.3080,0.5533,0.3470,0.6423
0.0844,0.0806,0.1481,0.3501
0.8605,0.9087,0.2006,0.5256
0.0764,0.9852,0.4416,0.4092
0.8284,0.5379,0.6312,0.6932
0.2058,0.4592,0.8435,0.8925
0.9014,0.0652,0.5440,0.1311
0.3096,0.3094,0.6461,0.5944
0.4226,0.7502,0.2932,0.4531
0.7696,0.2192,0.3576,0.6891
0.6718,0.4865,0.8293,0.8282
0.6636,0.3373,0.3571,0.7669
0.3401,0.0219,0.5942,0.3108
0.3240,0.0589,0.5512,0.3958
0.5734,0.1352,0.8337,0.2450
0.9914,0.4534,0.5285,0.3393
0.6552,0.5522,0.9361,0.8737
0.0209,0.2532,0.0705,0.0032
0.0127,0.6721,0.7175,0.4908
0.2542,0.3051,0.8886,0.3532
0.8881,0.9539,0.8134,0.7016
0.0962,0.7871,0.0418,0.2679
0.4197,0.9594,0.2352,0.8937
0.9946,0.8998,0.9318,0.2096
0.4740,0.3029,0.0888,0.7304
0.3189,0.5371,0.5558,0.9200
0.1849,0.7059,0.3960,0.7756
0.5565,0.4140,0.9954,0.2475
0.2032,0.5606,0.8891,0.9062
0.7767,0.8132,0.0648,0.8264
0.1636,0.8283,0.7669,0.7171
0.7530,0.4130,0.8062,0.7182
0.6184,0.1024,0.8003,0.5497
0.1203,0.8506,0.2593,0.2768
0.1783,0.7459,0.0919,0.4412
0.2069,0.4443,0.8005,0.7091
0.7922,0.7314,0.4656,0.6186
0.8011,0.5079,0.8893,0.5437
0.6409,0.7913,0.5441,0.3730
0.9610,0.2356,0.4660,0.8249
0.4593,0.3350,0.1899,0.5862
0.8076,0.6834,0.5557,0.7525
0.5661,0.8750,0.7304,0.9533
0.1947,0.4343,0.9651,0.8451
0.7773,0.8300,0.0557,0.7780
0.8654,0.9163,0.7187,0.4132
0.1956,0.6424,0.2716,0.8372
0.3726,0.4422,0.2493,0.6650
0.6469,0.2966,0.3043,0.8948
0.3584,0.6910,0.8608,0.2416
0.1800,0.3543,0.0724,0.8519
0.4648,0.2402,0.6845,0.5627
0.4042,0.4808,0.0011,0.0973
0.4307,0.1237,0.5044,0.5726
0.2747,0.0525,0.2811,0.1077
0.3803,0.1988,0.0161,0.4730
0.4307,0.9655,0.6820,0.1277
0.8542,0.6687,0.7275,0.8472
0.5841,0.1427,0.4384,0.7682
0.0281,0.9259,0.6969,0.0385
0.9171,0.7242,0.9032,0.1019
0.6847,0.4084,0.5633,0.9908
0.0078,0.1094,0.4291,0.7207
0.0499,0.1188,0.8954,0.3796
0.0660,0.1227,0.2201,0.4900
0.6112,0.4772,0.3518,0.4096
0.9063,0.6273,0.6244,0.7842
0.6809,0.3215,0.1803,0.0479
0.1766,0.0599,0.0143,0.8945
0.1462,0.0236,0.3022,0.8208
0.0350,0.2787,0.7092,0.9826
0.2578,0.8718,0.9960,0.4085
0.4086,0.4690,0.4204,0.5934
0.7814,0.4065,0.5733,0.8566
0.5311,0.1349,0.2098,0.6644
0.7269,0.7480,0.5953,0.1359
0.8421,0.2535,0.3098,0.2684
0.8763,0.2082,0.5221,0.3263
0.2606,0.8769,0.0210,0.6410
0.0146,0.8909,0.8881,0.0563
0.5945,0.4470,0.0429,0.8623
0.9324,0.9620,0.3124,0.6200
0.2722,0.5786,0.1603,0.8754
0.9982,0.5846,0.3933,0.6070
0.7886,0.9522,0.4972,0.2599
0.7680,0.4318,0.2184,0.0912
0.4267,0.5940,0.4147,0.1572
0.9698,0.5665,0.6772,0.5029
0.4051,0.9441,0.5859,0.4495
0.1977,0.2372,0.6891,0.1830
0.0650,0.5191,0.7722,0.7841
0.8694,0.6609,0.0430,0.7635
0.5308,0.8508,0.8503,0.7805
0.8019,0.7045,0.8364,0.1218
0.3608,0.0860,0.1367,0.7157
0.7954,0.1409,0.7332,0.2656
0.2932,0.2993,0.3876,0.4755
0.6239,0.4525,0.8419,0.8502
0.1638,0.9262,0.6640,0.6263
0.7402,0.6082,0.5000,0.4259
0.9371,0.8573,0.3883,0.3965
0.3547,0.2552,0.4683,0.5927
0.3759,0.2138,0.1177,0.9028
0.4596,0.0053,0.0773,0.7347
0.3794,0.4503,0.0125,0.8646
0.8601,0.0896,0.5787,0.8812
0.1040,0.1524,0.3043,0.0566
0.1428,0.7399,0.8043,0.2832
0.7394,0.4907,0.6376,0.0704
0.4826,0.8436,0.6899,0.4995
0.2340,0.1577,0.3995,0.8665
0.9803,0.8411,0.3248,0.1860
0.8878,0.3769,0.1182,0.8103
0.4969,0.0165,0.7031,0.8471
0.5375,0.6982,0.5849,0.0287
0.7162,0.4371,0.1661,0.2853
0.3547,0.8400,0.4842,0.3536
0.7344,0.9220,0.5719,0.5129
0.2745,0.4257,0.2277,0.4512
0.0815,0.4971,0.0444,0.5474
0.8332,0.1353,0.6734,0.6674
0.7696,0.1523,0.3691,0.7945
0.2699,0.9461,0.6580,0.4076
0.4970,0.7634,0.6022,0.2038
0.5246,0.8716,0.3238,0.7383
0.0444,0.2664,0.4738,0.9475
0.1323,0.5607,0.6630,0.6870
0.0933,0.3870,0.1087,0.1445
0.5538,0.1478,0.5102,0.5452
0.3830,0.2083,0.3569,0.5526
0.2515,0.3384,0.5025,0.8676
0.4590,0.2540,0.5055,0.2549
0.6623,0.9803,0.4247,0.4910
0.4336,0.0751,0.4184,0.1509
0.3229,0.1481,0.0506,0.3999
0.6822,0.3093,0.1997,0.6599
0.7047,0.0822,0.4744,0.4830
0.2517,0.7793,0.2658,0.9966
0.9800,0.9073,0.7817,0.1125
0.2368,0.0314,0.7404,0.8899
0.8596,0.5920,0.3351,0.4086
0.7657,0.2683,0.5681,0.5386
0.0330,0.5112,0.9656,0.4041
0.8695,0.0750,0.9120,0.3859
0.6802,0.6924,0.0695,0.1073
0.4706,0.3602,0.2607,0.5179
0.1131,0.1042,0.7700,0.8070
0.3115,0.6670,0.3250,0.5723
0.0918,0.4695,0.8143,0.5887
0.7565,0.8601,0.0650,0.0848
0.8662,0.4322,0.8011,0.3482
0.2467,0.1605,0.2914,0.7112
0.1712,0.5037,0.6876,0.3484
0.2521,0.3657,0.1758,0.1005
0.3935,0.1109,0.6189,0.9462
0.6659,0.8517,0.6073,0.7091
0.7162,0.6865,0.0074,0.7888
0.8864,0.9259,0.8245,0.0435
0.9512,0.6685,0.4968,0.6277
0.5788,0.5327,0.9043,0.0181
0.3707,0.6913,0.8247,0.2778
0.4898,0.1966,0.6139,0.4523
0.4658,0.2526,0.2712,0.9872
0.9129,0.3214,0.0847,0.5963
0.2476,0.5264,0.0549,0.7214
0.3241,0.8426,0.9830,0.3263
0.9029,0.7254,0.6861,0.8888
0.0375,0.8105,0.9766,0.6319
0.4094,0.1052,0.0561,0.6753
0.9682,0.0699,0.5757,0.9305
0.3475,0.0882,0.3663,0.8876
0.6123,0.0218,0.4797,0.9374
0.2157,0.6654,0.5964,0.2749
0.6098,0.6648,0.1381,0.3934
0.6560,0.4403,0.4284,0.0580
0.2343,0.5905,0.4305,0.4430
0.9368,0.7780,0.6181,0.3632
0.7672,0.8310,0.2634,0.8488
0.0498,0.8107,0.9272,0.7140
0.2332,0.1532,0.3226,0.9298
0.8235,0.9491,0.6582,0.4989
0.1737,0.8642,0.4504,0.3324
0.6510,0.0565,0.7425,0.4813
0.1068,0.3580,0.5609,0.7093
0.4541,0.4461,0.5541,0.9594
0.2034,0.3235,0.0449,0.5828
0.2222,0.9034,0.0515,0.5914
0.3759,0.1761,0.1016,0.6921
0.9590,0.7849,0.9683,0.4865
0.4090,0.7295,0.6406,0.1260
0.7057,0.9324,0.9708,0.0013
0.1561,0.8889,0.3424,0.6517
0.1017,0.7004,0.6285,0.7855
0.4794,0.8432,0.5023,0.7350
0.2124,0.0428,0.0090,0.0865
0.0970,0.5461,0.7777,0.5076
0.0366,0.7765,0.1241,0.0893
0.0926,0.1417,0.9507,0.6658
0.3806,0.2703,0.3854,0.9444
0.7761,0.6362,0.6115,0.9769
0.5668,0.2274,0.3308,0.9505
0.2979,0.4968,0.0234,0.7437
0.6143,0.1078,0.9976,0.7106
0.0457,0.9942,0.3545,0.5068
0.7137,0.7897,0.1375,0.1274
0.1933,0.2873,0.2037,0.1997
0.3163,0.8036,0.9337,0.1099
0.7386,0.5038,0.5937,0.7439
0.7542,0.5090,0.1809,0.8595
0.7383,0.3985,0.9510,0.6859
0.0682,0.7621,0.4852,0.9448
0.4001,0.2865,0.5681,0.3154
0.0768,0.2517,0.6862,0.0745
0.3053,0.3106,0.7099,0.5290
0.0556,0.8007,0.4918,0.4468
0.3011,0.0886,0.7079,0.3954
0.3921,0.5237,0.0168,0.7978
0.4222,0.6386,0.5308,0.9795
0.0711,0.5610,0.8054,0.5170
0.1742,0.4629,0.8894,0.1558
0.4276,0.9894,0.6462,0.3899
0.9300,0.8620,0.2741,0.8156
0.2894,0.1259,0.4541,0.4919
0.2048,0.3268,0.3716,0.3489
0.2115,0.2425,0.0112,0.1540
0.6417,0.7317,0.8244,0.1454
0.3932,0.4511,0.3806,0.8734
0.8098,0.9817,0.0201,0.4650
0.2190,0.0855,0.0005,0.5984
0.6299,0.2882,0.0949,0.2910
0.1336,0.1251,0.9425,0.9559
0.1325,0.2400,0.1609,0.7120
0.9905,0.4488,0.1704,0.8600
0.2518,0.8239,0.9969,0.8911
0.6983,0.6053,0.7479,0.3800
0.6290,0.4976,0.8650,0.0685
0.7967,0.9982,0.7519,0.2842
0.8618,0.4811,0.8012,0.1864
0.7319,0.8615,0.3652,0.9270
0.6448,0.3183,0.0285,0.5975
0.9729,0.3745,0.2673,0.1051
0.4053,0.3595,0.6619,0.3893
0.7922,0.7009,0.5137,0.1476
0.4512,0.9896,0.2716,0.7072
0.9148,0.9859,0.0071,0.6652
0.4875,0.0425,0.4110,0.9807
0.3660,0.0946,0.5752,0.7436
0.4123,0.0018,0.7186,0.6822
0.8977,0.4335,0.3106,0.8264
0.1202,0.7686,0.5428,0.2401
0.1878,0.8455,0.9673,0.7033
0.6604,0.6871,0.2677,0.1355
0.5696,0.2988,0.2511,0.8416
0.2828,0.0441,0.5217,0.9406
0.1542,0.5648,0.0208,0.5407
0.7296,0.0475,0.8604,0.1888
0.3246,0.4109,0.7543,0.7407
0.6490,0.7600,0.3850,0.4649
0.9775,0.5343,0.5591,0.5341
0.0216,0.9778,0.1522,0.7543
0.1634,0.9698,0.9297,0.7044
0.1362,0.4205,0.3011,0.5620
0.3770,0.6229,0.9342,0.7436
0.8020,0.5669,0.0770,0.5130
0.6166,0.8577,0.0516,0.9606
0.1397,0.7119,0.7402,0.0250
0.1292,0.0079,0.2909,0.0862
0.9013,0.7343,0.4642,0.8860
0.9510,0.7436,0.3545,0.4259
0.0950,0.6540,0.9977,0.1163
0.1427,0.4825,0.2832,0.8225
0.2083,0.4071,0.2381,0.0005
0.1723,0.6069,0.3701,0.2345
0.9735,0.9940,0.1437,0.1432
0.0215,0.3008,0.4267,0.1454
0.0829,0.9958,0.1352,0.2769
0.3520,0.7226,0.6832,0.4808
0.7536,0.9340,0.4850,0.2027
0.7358,0.4012,0.7718,0.1754
0.3449,0.7214,0.3738,0.7751
0.8757,0.3085,0.1137,0.8543
0.0956,0.3136,0.6711,0.7942
0.7849,0.5174,0.6266,0.8801
0.9969,0.2912,0.9324,0.4986
0.2218,0.3713,0.9145,0.4854
0.8216,0.3142,0.7282,0.3004
0.8977,0.7937,0.5483,0.8174
0.2613,0.4833,0.6002,0.8092
0.4217,0.9021,0.5382,0.7588
0.6350,0.9383,0.9946,0.6386
0.0577,0.3814,0.2719,0.9588
0.8646,0.2538,0.8364,0.3481
0.5460,0.5878,0.3353,0.4700
0.9785,0.2877,0.7073,0.3206
0.0463,0.8990,0.3903,0.8438
0.1628,0.8940,0.8587,0.5211
0.2428,0.3860,0.6389,0.6073
0.6888,0.9536,0.2801,0.2061
0.5569,0.2086,0.7117,0.5033
0.1171,0.9337,0.6366,0.6695
0.3377,0.0310,0.0384,0.2144
0.5140,0.7534,0.5591,0.5121
0.1459,0.7825,0.6881,0.4431
0.8717,0.9129,0.9591,0.7986
0.1456,0.8153,0.6592,0.0851
0.5408,0.4061,0.2458,0.6377
0.0553,0.6540,0.2102,0.4189
0.2582,0.5491,0.7292,0.7278
0.0592,0.0313,0.2736,0.0117
0.5085,0.4539,0.2112,0.9994
0.8737,0.0461,0.0161,0.7735
0.0239,0.6617,0.5241,0.6073
0.2803,0.1513,0.5952,0.3947
0.7951,0.6464,0.2055,0.1179
0.7581,0.1008,0.6187,0.8829
0.6198,0.2103,0.5772,0.0428
0.7918,0.1532,0.0998,0.2665
0.3313,0.5005,0.9731,0.2725
0.1904,0.3390,0.5122,0.2649
0.2388,0.8348,0.2406,0.9648
0.6975,0.9279,0.9236,0.4478
0.3136,0.7690,0.0895,0.8106
0.6202,0.3905,0.5248,0.7906
0.2416,0.4647,0.0029,0.4750
0.8288,0.9613,0.5950,0.7436
0.9445,0.8148,0.5385,0.9225
0.1462,0.2247,0.7196,0.7110
0.4526,0.6050,0.6248,0.3016
0.9338,0.5865,0.3031,0.4158
0.7369,0.2962,0.2721,0.2999
0.5427,0.4580,0.2681,0.7954
0.4948,0.5868,0.9214,0.3007
0.9870,0.9171,0.7662,0.0777
0.0614,0.7557,0.3350,0.1228
0.4329,0.5955,0.5122,0.0775
0.5361,0.4043,0.9697,0.0004
0.4742,0.0844,0.7617,0.8304
0.5105,0.5363,0.9955,0.8187
0.9086,0.5129,0.7875,0.5743
0.6986,0.3007,0.8300,0.5784
0.5002,0.4830,0.1334,0.1772
0.7794,0.9829,0.4758,0.5414
0.6380,0.9280,0.3916,0.4155
0.8220,0.0619,0.6897,0.6440
0.9517,0.3800,0.5822,0.5218
0.4757,0.8313,0.2879,0.6967
0.2174,0.4651,0.0667,0.7327
0.2839,0.0809,0.0836,0.3946
0.4955,0.7245,0.2009,0.5186
0.1433,0.3640,0.4885,0.8636
0.3532,0.5493,0.0057,0.5627
0.1355,0.8455,0.9356,0.0613
0.8112,0.4425,0.5270,0.1686
0.0398,0.4306,0.6076,0.6180
0.7049,0.5254,0.3552,0.9923
0.5504,0.5141,0.1261,0.7435
0.3642,0.0898,0.8859,0.8318
0.1341,0.5782,0.1440,0.2261
0.4136,0.8574,0.9610,0.3821
0.2209,0.8775,0.4674,0.0823
0.8332,0.5352,0.1014,0.4593
0.2509,0.6926,0.2596,0.3725
0.9627,0.3002,0.1982,0.4450
0.4695,0.8647,0.7058,0.4235
0.9382,0.5380,0.5728,0.0928
0.2111,0.7892,0.5956,0.2052
0.5348,0.1873,0.0938,0.5496
0.9748,0.6419,0.9892,0.5363
0.1745,0.6822,0.8804,0.5807
0.5078,0.3470,0.7880,0.9501
0.4869,0.6530,0.6185,0.5419
0.6160,0.4527,0.7534,0.2537
0.9782,0.4907,0.7756,0.5760
0.9306,0.4463,0.5754,0.1238
0.5417,0.5801,0.0341,0.4851
0.3590,0.8052,0.8962,0.8669
0.9611,0.0745,0.1569,0.1234
0.8736,0.2712,0.8423,0.2313
0.4456,0.7961,0.5251,0.7967
0.5770,0.1454,0.8477,0.5513
0.7019,0.6533,0.8689,0.3779
0.0551,0.5730,0.3330,0.4536
0.2822,0.9924,0.7822,0.9281
0.7856,0.7545,0.8746,0.6791
0.0437,0.1180,0.1024,0.3637
0.9567,0.0215,0.3569,0.7672
0.6661,0.5474,0.5059,0.0274
0.6276,0.4656,0.1267,0.3765
0.5945,0.3713,0.0536,0.9427
0.6583,0.7356,0.9976,0.1130
0.8069,0.6909,0.3279,0.9285
0.0474,0.8727,0.7936,0.5330
0.2702,0.5459,0.6042,0.0629
0.3691,0.3644,0.9866,0.6903
0.6438,0.2008,0.5467,0.3474
0.7663,0.8534,0.2382,0.2245
0.4044,0.2838,0.4249,0.0533
0.9777,0.2723,0.9687,0.0555
0.6193,0.3261,0.1467,0.4754
0.2585,0.7787,0.2863,0.2834
0.0348,0.9492,0.8302,0.3489
0.8385,0.0913,0.8318,0.3334
0.6171,0.7760,0.3114,0.0795
0.0544,0.4590,0.7341,0.3424
0.0767,0.6225,0.8252,0.3391
0.5984,0.9142,0.2123,0.0655
0.9422,0.7746,0.4270,0.0370
0.9018,0.2370,0.1030,0.6073
0.5743,0.1667,0.9156,0.8803
0.0783,0.1315,0.1170,0.5202
0.2765,0.1479,0.2821,0.8001
0.8894,0.7007,0.0423,0.0838
0.7405,0.3316,0.6011,0.3334
0.7605,0.3129,0.5956,0.6023
0.2831,0.8187,0.6323,0.5120
0.4792,0.0907,0.3373,0.6815
0.8421,0.9913,0.3620,0.0568
0.7795,0.9932,0.9885,0.5718
0.0303,0.6815,0.3422,0.1080
0.9503,0.5120,0.9038,0.3656
0.0995,0.4093,0.9740,0.4834
0.9550,0.2290,0.6505,0.5229
0.7314,0.9607,0.2939,0.8613
0.7834,0.9184,0.5693,0.4030
0.1131,0.4910,0.3204,0.4737
0.1944,0.6518,0.8690,0.0769
0.0581,0.5279,0.6463,0.4233
0.0571,0.6125,0.4129,0.6947
0.5565,0.0800,0.1970,0.8155
0.5810,0.8139,0.1480,0.0147
0.1263,0.0858,0.4347,0.4186
0.7073,0.3483,0.8760,0.9570
0.3889,0.1729,0.4236,0.9390
0.1147,0.2139,0.9346,0.9402
0.7715,0.5326,0.4839,0.1176
0.5298,0.7764,0.5862,0.7771
0.9890,0.4388,0.4553,0.3923
0.0647,0.1004,0.3924,0.5290
0.8578,0.2196,0.2023,0.3993
0.3708,0.6777,0.4357,0.8449
0.7299,0.2583,0.9801,0.2296
0.4048,0.0717,0.6422,0.9362
0.5641,0.9901,0.1643,0.5628
0.8568,0.9415,0.7884,0.3396
0.4431,0.4223,0.7047,0.9821
0.7037,0.6390,0.9721,0.4370
0.4901,0.1507,0.2184,0.6138
0.7172,0.4898,0.2108,0.2792
0.7605,0.8827,0.3411,0.5769
0.0349,0.8214,0.2000,0.9663
0.2163,0.0711,0.1667,0.5100
0.8062,0.9392,0.4559,0.9913
0.4437,0.6928,0.2540,0.1512
0.8864,0.2955,0.8455,0.2867
0.2668,0.9087,0.7605,0.3315
0.3569,0.5641,0.2976,0.5477
0.9516,0.3143,0.7353,0.1680
0.2956,0.4558,0.9175,0.3309
0.9762,0.4927,0.2017,0.0709
0.7059,0.1774,0.7513,0.7464
0.1805,0.4001,0.2102,0.3335
0.0218,0.9773,0.8339,0.2450
0.9483,0.3446,0.0717,0.0022
0.5064,0.3341,0.2601,0.8300
0.5247,0.6187,0.8967,0.9154
0.8094,0.7334,0.7240,0.9231
0.5831,0.6248,0.7185,0.3671
0.8500,0.5656,0.0346,0.3036
0.4931,0.2594,0.7317,0.9697
0.5972,0.4873,0.3706,0.4012
0.4687,0.3700,0.7925,0.4601
0.9169,0.8872,0.1371,0.5588
0.2840,0.9671,0.8375,0.8987
0.4210,0.0497,0.8358,0.9209
0.9993,0.3111,0.4091,0.2171
0.4104,0.7860,0.0316,0.8250
0.3425,0.5500,0.4743,0.3021
0.4383,0.3229,0.9971,0.6502
0.8423,0.9474,0.5297,0.6810
0.5319,0.1214,0.1958,0.6837
0.2258,0.7218,0.4762,0.9757
0.5487,0.3385,0.8514,0.6100
0.0807,0.4500,0.9909,0.4573
0.9882,0.6666,0.5285,0.8184
0.3497,0.3804,0.7368,0.0357
0.4688,0.3596,0.5512,0.0180
0.7151,0.9700,0.9567,0.3710
0.6542,0.3918,0.7509,0.4425
0.3485,0.4188,0.2994,0.4527
0.8506,0.4926,0.1955,0.0263
0.2372,0.7486,0.4148,0.4787
0.6672,0.1224,0.0090,0.2961
0.0788,0.6849,0.4542,0.1055
0.0892,0.3533,0.1819,0.4876
0.5985,0.6027,0.9040,0.7457
0.6403,0.8946,0.4343,0.0067
0.8899,0.6397,0.7386,0.9449
0.7168,0.6348,0.9529,0.9146
0.3709,0.4264,0.2406,0.2155
0.5285,0.8299,0.9285,0.0291
0.3939,0.8946,0.9244,0.2162
0.2465,0.7337,0.3287,0.7734
0.6428,0.4769,0.4139,0.5085
0.1021,0.1605,0.4197,0.3311
0.7062,0.9359,0.9027,0.3908
0.0653,0.5599,0.0500,0.2784
0.6935,0.0115,0.9644,0.4732
0.0784,0.4800,0.7115,0.1671
0.1832,0.9264,0.4710,0.6700
0.6170,0.6580,0.0728,0.7660
0.3068,0.0881,0.5512,0.9664
0.3419,0.5810,0.9783,0.1684
0.2445,0.7022,0.2436,0.3705
0.5061,0.9446,0.9847,0.8267
0.0161,0.7028,0.0901,0.3316
0.9499,0.5410,0.3331,0.2393
0.1547,0.6498,0.8658,0.9636
0.4553,0.9169,0.6943,0.2918
0.6148,0.6936,0.3143,0.5588
0.4348,0.4045,0.3243,0.9497
0.9729,0.0948,0.7819,0.0394
0.6872,0.0246,0.5303,0.9163
0.0048,0.0254,0.9135,0.7849
0.0484,0.7813,0.3460,0.5882
0.8134,0.8930,0.4135,0.2254
0.9106,0.9915,0.0049,0.0501
0.1705,0.9032,0.6828,0.2862
0.3039,0.6527,0.3908,0.8240
0.7119,0.9248,0.1416,0.2700
0.3573,0.7129,0.9012,0.6213
0.2673,0.6923,0.6545,0.1500
0.8604,0.9836,0.3168,0.2015
0.4729,0.0596,0.2385,0.3887
0.7267,0.0387,0.9961,0.5831
0.5508,0.7512,0.4986,0.9204
0.4052,0.2339,0.3776,0.7840
0.6404,0.2548,0.1762,0.7537
0.8413,0.0096,0.7038,0.3499
0.1337,0.4406,0.3662,0.9035
0.9992,0.4990,0.2523,0.1015
0.9632,0.2888,0.0173,0.7382
0.1575,0.8396,0.9704,0.2183
0.2300,0.0508,0.7207,0.5262
0.6967,0.3894,0.2911,0.5349
0.8646,0.1272,0.8842,0.6701
0.7998,0.3948,0.4635,0.0564
0.2058,0.2726,0.9922,0.8332
0.2773,0.9058,0.4240,0.8203
0.5700,0.4054,0.9952,0.4382
0.5870,0.8008,0.6805,0.6713
0.9195,0.5632,0.4920,0.7898
0.9966,0.3530,0.0594,0.6430
0.7259,0.2963,0.4657,0.1886
0.7488,0.0441,0.6905,0.7389
0.0585,0.7852,0.4712,0.9059
0.7457,0.9302,0.7820,0.4252
0.8385,0.0246,0.4913,0.9496
0.4985,0.4172,0.7813,0.7794
0.1978,0.8835,0.0996,0.9546
0.8938,0.5441,0.2191,0.1424
0.2037,0.6383,0.9769,0.7529
0.4525,0.4025,0.4099,0.5154
0.0021,0.8933,0.6747,0.4172
0.5138,0.7361,0.7242,0.5173
0.9073,0.8973,0.1826,0.6579
0.5960,0.1882,0.5484,0.8369
0.1438,0.0523,0.7976,0.0521
0.3628,0.4309,0.7663,0.9170
0.6138,0.4256,0.8757,0.1581
0.8729,0.0017,0.4197,0.5402
0.4536,0.9443,0.3549,0.2926
0.5757,0.9828,0.3841,0.7885
0.5735,0.1010,0.6832,0.7684
0.8131,0.2387,0.3642,0.3502
0.4681,0.5950,0.5341,0.8810
0.6964,0.1875,0.0945,0.1655
0.2384,0.1159,0.4761,0.9618
0.8567,0.2333,0.9793,0.4741
0.2257,0.6479,0.2639,0.7063
0.6889,0.8941,0.5545,0.9031
0.1349,0.2756,0.1737,0.0321
0.2483,0.9705,0.7440,0.5870
0.2022,0.7144,0.0829,0.9962
0.0363,0.7425,0.1975,0.6183
0.3393,0.4934,0.7767,0.2454
0.7069,0.0816,0.1318,0.2573
0.8375,0.7697,0.1151,0.6814
0.6376,0.9810,0.2181,0.1106
0.3007,0.4857,0.4960,0.1025
0.7322,0.6819,0.1968,0.2103
0.1907,0.1688,0.1708,0.6121
0.9012,0.6110,0.2925,0.7894
0.1737,0.4699,0.5357,0.4230
0.7961,0.1788,0.5222,0.2373
0.4140,0.4854,0.0323,0.4492
0.0706,0.8037,0.3720,0.1358
0.2070,0.9494,0.1503,0.4436
0.7080,0.6041,0.5402,0.2314
0.3492,0.5305,0.7886,0.1259
0.2398,0.0200,0.9052,0.2988
0.2454,0.6005,0.4019,0.6303
0.1665,0.6869,0.2851,0.2642
0.4263,0.0228,0.5716,0.8523
0.3168,0.2660,0.8395,0.1522
0.1415,0.6420,0.7699,0.1088